Trying to Connect to Trading Platform...
<IB connected to 127.0.0.1:7497 clientId=152>
No opened positions
2022-01-07 14:50:47 | Octopus 2 Contracts Bot Turned On
2022-01-07 14:50:47 | Running with stop: 4 & target_1: 5 & target_2: 7 & trailing: 0.70
Downloading Historical NQ Data...
Historical Data retrieved! from 2021-12-23 00:00:00 to 2022-01-07 14:50:40
2022-01-07 14:52:00 | [[[ 2.62857143e+01  3.16039326e+01  5.31821830e+00  2.07893558e-04
    3.15832115e-04 -5.58027176e-06  4.02976190e+01  1.85505618e+01
   -2.17470572e+01  1.91898677e-04  2.42032215e-04 -1.96042813e-05]]] : 0
2022-01-07 14:52:05 | [[[ 2.70000000e+01  3.23455056e+01  5.34550562e+00  2.55868995e-04
    3.18120753e-04 -5.04024546e-06  4.10119048e+01  1.92921348e+01
   -2.17197699e+01  2.39873347e-04  2.44322741e-04 -1.90647139e-05]]] : 0
2022-01-07 14:54:00 | [[[ 2.72261905e+01  3.81629213e+01  1.09367309e+01  3.99693036e-04
    3.85894268e-04  2.77214898e-05  4.51071429e+01  2.58061798e+01
   -1.93009631e+01  6.55664300e-04  2.64906325e-04 -2.64390534e-05]]] : 0
2022-01-07 14:54:05 | [[[ 2.67500000e+01  3.76685393e+01  1.09185393e+01  3.67717593e-04
    3.84368994e-04  2.73614704e-05  4.46309524e+01  2.53117978e+01
   -1.93191546e+01  6.23680675e-04  2.63379487e-04 -2.67987684e-05]]] : 0
2022-01-07 14:56:00 | [[[ 1.82500000e+01  3.43455056e+01  1.60955056e+01 -1.75800291e-04
    3.68212090e-04  3.67209687e-05  3.97142857e+01  2.27640449e+01
   -1.69502408e+01  1.91852657e-04  2.75559267e-04 -3.02163491e-05]]] : 0
2022-01-07 14:56:05 | [[[ 1.99166667e+01  3.60758427e+01  1.61591760e+01 -6.39273785e-05
    3.73548497e-04  3.79810019e-05  4.13809524e+01  2.44943820e+01
   -1.68865704e+01  3.03766707e-04  2.80902521e-04 -2.89573345e-05]]] : 0
2022-01-07 14:58:00 | [[[ 1.56071429e+01  3.62977528e+01  2.06906100e+01  4.79485991e-05
    3.23875163e-04  3.38396075e-05  3.94285714e+01  2.52303371e+01
   -1.41982343e+01 -1.59818446e-05  3.17498599e-04 -1.07917396e-05]]] : 0
2022-01-07 14:58:05 | [[[ 1.21190476e+01  3.47219101e+01  2.26028625e+01  1.59836328e-05
    3.00201226e-04  4.15789713e-05  3.56309524e+01  2.40702247e+01
   -1.15607277e+01 -3.19657327e-05  3.36530500e-04 -4.85633958e-06]]] : 0
2022-01-07 15:00:00 | [[[ 7.39285714e+00  3.16769663e+01  2.42841091e+01 -2.55713601e-04
    2.69681616e-04  3.97781925e-05  3.30119048e+01  2.13511236e+01
   -1.16607812e+01 -2.07777263e-04  3.28136315e-04 -6.83484830e-06]]] : 0
2022-01-07 15:00:05 | [[[ 7.39285714e+00  3.16769663e+01  2.42841091e+01 -2.55713601e-04
    2.69681616e-04  3.97781925e-05  3.30119048e+01  2.13511236e+01
   -1.16607812e+01 -2.07777263e-04  3.28136315e-04 -6.83484830e-06]]] : 0
2022-01-07 15:02:00 | [[[ 1.08928571e+01  3.77500000e+01  2.68571429e+01  4.15640886e-04
    1.91924985e-04  2.73576686e-05  3.66904762e+01  2.77528090e+01
   -8.93766720e+00  1.59821000e-04  3.35709239e-04 -1.43891414e-06]]] : 0
2022-01-07 15:02:05 | [[[ 1.01785714e+01  3.70084270e+01  2.68298555e+01  3.67682322e-04
    1.89640164e-04  2.68177146e-05  3.59761905e+01  2.70112360e+01
   -8.96495452e+00  1.11874700e-04  3.33420313e-04 -1.97850694e-06]]] : 0
2022-01-07 15:04:00 | [[[ 8.96428571e+00  3.76994382e+01  2.87351525e+01  6.39212490e-05
    1.41632058e-04  1.97977819e-05  3.36904762e+01  2.77584270e+01
   -5.93204922e+00  4.31627074e-04  3.89057268e-04  2.19436103e-05]]] : 0
2022-01-07 15:04:05 | [[[ 5.51190476e+00  3.56376404e+01  3.01257357e+01 -1.43811320e-04
    1.59895231e-04  1.43982521e-05  2.81309524e+01  2.56460674e+01
   -2.48488497e+00 -6.39212490e-05  4.38564711e-04  2.33824010e-05]]] : 0
2022-01-07 15:06:00 | [[[ 2.01904762e+01  5.22471910e+01  3.20567148e+01  9.58757450e-04
    2.41349486e-04  2.89761798e-05  4.43214286e+01  4.24550562e+01
   -1.86637239e+00  1.02273998e-03  4.90429755e-04  3.56131954e-05]]] : 0
2022-01-07 15:06:05 | [[[2.04642857e+01 5.41488764e+01 3.36845907e+01 5.90931596e-04
   2.44364766e-04 4.01342608e-05 4.16904762e+01 4.44073034e+01
   2.71682718e+00 1.10257107e-03 5.92509671e-04 3.84904063e-05]]] : 0
2022-01-07 15:08:00 | [[[1.94166667e+01 5.51741573e+01 3.57574906e+01 2.39459779e-04
   2.89245032e-04 5.27315197e-05 4.31190476e+01 4.58904494e+01
   2.77140182e+00 1.19844681e-03 5.97085035e-04 3.95695765e-05]]] : 0
2022-01-07 15:08:05 | [[[ 1.70000000e+01  5.36797753e+01  3.66797753e+01 -2.87218765e-04
    2.38212841e-04  5.84890777e-05  3.75000000e+01  4.47275281e+01
    7.22752809e+00  1.75603838e-04  6.12927277e-04  3.05758970e-05]]] : 0
2022-01-07 15:10:00 | [[[ 3.10714286e+00  3.94410112e+01  3.63338684e+01 -9.57609806e-04
    8.37046140e-05  4.69699691e-05  2.41666667e+01  3.08848315e+01
    6.71816479e+00 -7.18379336e-04  5.70235825e-04  2.05038368e-05]]] : 0
2022-01-07 15:10:05 | [[[ 3.10714286e+00  3.94410112e+01  3.63338684e+01 -9.57609806e-04
    8.37046140e-05  4.69699691e-05  2.41666667e+01  3.08848315e+01
    6.71816479e+00 -7.18379336e-04  5.70235825e-04  2.05038368e-05]]] : 0
2022-01-07 15:12:00 | [[[-8.21428571e+00  2.87528090e+01  3.69670947e+01 -6.54993929e-04
    6.84798612e-05  2.80726859e-05  1.11666667e+01  2.06207865e+01
    9.45411985e+00 -1.61197651e-03  4.29065491e-04  1.25898216e-06]]] : 0
2022-01-07 15:12:05 | [[[-4.25000000e+00  3.28033708e+01  3.70533708e+01 -1.75766582e-04
    4.79340428e-05  2.35734508e-05  1.24285714e+01  2.49606742e+01
    1.25321027e+01 -3.83411081e-04  3.67242012e-04 -4.85607231e-06]]] : 0
2022-01-07 15:14:00 | [[[-1.92380952e+01  1.65983146e+01  3.58364098e+01 -7.67324754e-04
   -6.23884901e-05  9.89714349e-06 -3.04761905e+00  8.89325843e+00
    1.19408775e+01 -1.42181609e-03  3.17717675e-04 -1.65466168e-05]]] : 0
2022-01-07 15:14:05 | [[[-1.91904762e+01  1.57780899e+01  3.49685661e+01 -7.35411671e-04
   -1.14885947e-04  5.57834078e-06 -5.83333333e+00  8.26966292e+00
    1.41029963e+01 -8.15282551e-04  2.71955037e-04 -2.55393203e-05]]] : 0
2022-01-07 15:16:00 | [[[-2.09285714e+01  1.27471910e+01  3.36757624e+01 -2.39973123e-04
   -1.31632710e-04  6.47806617e-06 -8.69047619e+00  5.30337079e+00
    1.39938470e+01 -1.00711374e-03  2.62813691e-04 -2.76975727e-05]]] : 0
2022-01-07 15:16:05 | [[[-2.04523810e+01  1.32415730e+01  3.36939540e+01 -2.07976707e-04
   -1.30110944e-04  6.83795873e-06 -8.21428571e+00  5.79775281e+00
    1.40120385e+01 -9.75141875e-04  2.64337249e-04 -2.73378640e-05]]] : 0
2022-01-07 15:18:00 | [[[-1.59047619e+01  1.62387640e+01  3.21435259e+01  2.08019970e-04
   -8.29470083e-05  1.61950547e-05 -6.89285714e+00  9.02247191e+00
    1.59153291e+01  0.00000000e+00  2.46019698e-04 -8.27344528e-06]]] : 0
2022-01-07 15:18:05 | [[[-1.59047619e+01  1.62387640e+01  3.21435259e+01  2.08019970e-04
   -8.29470083e-05  1.61950547e-05 -6.89285714e+00  9.02247191e+00
    1.59153291e+01  0.00000000e+00  2.46019698e-04 -8.27344528e-06]]] : 0
2022-01-07 15:20:00 | [[[-7.77380952e+00  2.25730337e+01  3.03468432e+01  4.47949830e-04
   -7.22992611e-05  4.26462867e-05 -1.77380952e+00  1.57949438e+01
    1.75687533e+01  6.56062982e-04  2.43704800e-04  1.61873357e-05]]] : 0
2022-01-07 15:20:05 | [[[-7.77380952e+00  2.25730337e+01  3.03468432e+01  4.47949830e-04
   -7.22992611e-05  4.26462867e-05 -1.77380952e+00  1.57949438e+01
    1.75687533e+01  6.56062982e-04  2.43704800e-04  1.61873357e-05]]] : 0
2022-01-07 15:22:00 | [[[-1.50476190e+01  1.37415730e+01  2.87891921e+01 -5.27704485e-04
   -6.24101902e-05  3.72464341e-05 -1.07500000e+01  7.43539326e+00
    1.81853933e+01 -7.99910410e-05  1.66764898e-04  2.15830793e-05]]] : 0
2022-01-07 15:22:05 | [[[-1.05833333e+01  1.72696629e+01  2.78529963e+01 -1.75921187e-04
   -8.82893333e-05  2.98684761e-05 -7.39285714e+00  1.10561798e+01
    1.84490369e+01 -2.87838810e-04  7.15708430e-05  1.52877918e-05]]] : 0
2022-01-07 15:24:00 | [[[-1.86190476e+01  7.62921348e+00  2.62482611e+01 -3.67988224e-04
   -1.39289971e-04  2.32106814e-05 -1.64404762e+01  1.66292135e+00
    1.81033975e+01 -8.95498521e-04  4.26379490e-05  8.45324957e-06]]] : 0
2022-01-07 15:24:05 | [[[-1.57380952e+01  9.17134831e+00  2.49094436e+01 -1.76008448e-04
   -1.50716359e-04  2.59093228e-05 -1.51071429e+01  3.34831461e+00
    1.84554575e+01 -2.55991808e-04  2.28406976e-05  5.57550848e-06]]] : 0
2022-01-07 15:26:00 | [[[-2.26428571e+01  1.65730337e-01  2.28085875e+01 -4.64155956e-04
   -2.06299677e-04  1.36741926e-05 -2.36785714e+01 -5.55056180e+00
    1.81280096e+01 -8.31973377e-04 -4.56813951e-06 -8.99275562e-07]]] : 0
2022-01-07 15:26:05 | [[[-2.26428571e+01  1.65730337e-01  2.28085875e+01 -4.64155956e-04
   -2.06299677e-04  1.36741926e-05 -2.36785714e+01 -5.55056180e+00
    1.81280096e+01 -8.31973377e-04 -4.56813951e-06 -8.99275562e-07]]] : 0
2022-01-07 15:28:00 | [[[-2.13214286e+01 -3.60112360e+00  1.77203050e+01 -2.40192154e-04
   -3.24360872e-04  1.07952676e-06 -2.68452381e+01 -9.18539326e+00
    1.76598448e+01 -7.04236624e-04 -3.80679742e-05 -9.71216209e-06]]] : 0
2022-01-07 15:28:05 | [[[-1.75000000e+01 -2.40449438e+00  1.50955056e+01 -1.60128102e-04
   -3.43446082e-04  2.33896959e-06 -2.44880952e+01 -7.91853933e+00
    1.65695559e+01 -1.60128102e-04 -1.08113129e-04 -8.45319788e-06]]] : 0
2022-01-07 15:30:00 | [[[-1.19523810e+01  1.07303371e+00  1.30254147e+01  3.04316489e-04
   -2.95523129e-04  4.85786516e-06 -2.11547619e+01 -4.45786517e+00
    1.66968967e+01  6.40512410e-05 -9.74540881e-05 -5.93522404e-06]]] : 0
2022-01-07 15:30:05 | [[[-1.43095238e+01 -3.26123596e+00  1.10482879e+01  3.36452192e-04
   -2.33871619e-04  1.11551078e-05 -2.42738095e+01 -8.66011236e+00
    1.56136972e+01  3.20333146e-05 -1.32481593e-04 -1.61870940e-06]]] : 0
2022-01-07 15:32:00 | [[[ 1.09166667e+01  2.13988764e+01  1.04822097e+01  1.34498991e-03
   -1.19615584e-04  4.31808139e-05 -2.26190476e-01  1.63061798e+01
    1.65323703e+01  1.64971570e-03 -5.55813582e-05  1.65468072e-05]]] : 1
Margin Accepted! 65880.33 USD more than required
2022-01-07 15:32:00 | BUY Opended of 1 units at 15637.75 in NQ
Margin Accepted! 43901.66 USD more than required
2022-01-07 15:32:00 | BUY Opended of 1 units at 15640.25 in NQ
trailing stop from 15633.75 to 15638.00
2022-01-07 15:32:30 | BUY Closed of 1 units at 15639.00 in NQ and profit 25.00 (sl1)
2022-01-07 15:32:40 | BUY Closed of 1 units at 15633.25 in NQ and profit -140.00 (sl2)
2022-01-07 15:34:00 | [[[-1.05357143e+01 -2.16292135e+00  8.37279294e+00 -1.47110557e-03
   -9.90566002e-05  3.59824578e-05 -2.20119048e+01 -6.75561798e+00
    1.52562868e+01 -1.28094277e-04 -7.30976897e-05  1.90647722e-05]]] : 0
2022-01-07 15:34:05 | [[[-6.23809524e+00  1.11516854e+00  7.35326378e+00 -1.08749540e-03
   -1.14298342e-04  4.01193939e-05 -1.69523810e+01 -3.29494382e+00
    1.36574371e+01 -1.23125140e-03 -1.61423327e-04  2.24817030e-05]]] : 0
2022-01-07 15:36:00 | [[[-9.04761905e+00 -2.42977528e+00  6.61784377e+00  3.20276719e-05
   -6.32500947e-05  4.91142877e-05 -2.00476190e+01 -6.50842697e+00
    1.35391921e+01 -1.43912501e-03 -1.71321928e-04  2.01436059e-05]]] : 0
2022-01-07 15:36:05 | [[[-9.21428571e+00 -3.36797753e+00  5.84630819e+00 -4.32193623e-04
   -7.39207569e-05  2.89639036e-05 -1.93452381e+01 -7.38202247e+00
    1.19632156e+01 -1.60138360e-05 -1.86565033e-04  2.41002903e-05]]] : 0
2022-01-07 15:38:00 | [[[ 1.65476190e+00  7.00561798e+00  5.35085607e+00  6.40532923e-04
   -4.49637546e-05  3.61592930e-05 -9.10714286e+00  3.24719101e+00
    1.23543339e+01  6.72581110e-04 -1.53820966e-04  3.18339655e-05]]] : 0
2022-01-07 15:38:05 | [[[ 2.36904762e+00  7.74719101e+00  5.37814339e+00  6.88572893e-04
   -4.26774620e-05  3.66989840e-05 -8.39285714e+00  3.98876404e+00
    1.23816212e+01  7.20622618e-04 -1.51536496e-04  3.23735243e-05]]] : 0
2022-01-07 15:40:00 | [[[ 2.52380952e+00  6.74157303e+00  4.21776351e+00 -3.20046087e-05
   -4.19171534e-05  3.23802681e-05 -7.92857143e+00  3.37640449e+00
    1.13049759e+01  6.56546246e-04 -1.19565118e-04  2.33805002e-05]]] : 0
2022-01-07 15:40:05 | [[[ 2.52380952e+00  6.74157303e+00  4.21776351e+00 -3.20046087e-05
   -4.19171534e-05  3.23802681e-05 -7.92857143e+00  3.37640449e+00
    1.13049759e+01  6.56546246e-04 -1.19565118e-04  2.33805002e-05]]] : 0
2022-01-07 15:42:00 | [[[ 3.78571429e+00  6.38483146e+00  2.59911717e+00  1.60028165e-05
   -6.47837708e-05  3.88550636e-05 -6.91666667e+00  3.49438202e+00
    1.04110487e+01 -1.60023043e-05 -1.10432775e-04  1.56466969e-05]]] : 0
2022-01-07 15:42:05 | [[[ 2.26190476e+00  4.33988764e+00  2.07798288e+00 -8.00153629e-05
   -4.34447908e-05  4.04733256e-05 -7.54761905e+00  1.77808989e+00
    9.32570894e+00 -9.60168990e-05 -1.20341068e-04  6.29460288e-06]]] : 0
2022-01-07 15:44:00 | [[[-9.65476190e+00 -8.40730337e+00  1.24745853e+00 -9.12145943e-04
   -5.18303744e-05  3.47163700e-05 -1.94523810e+01 -1.05814607e+01
    8.87092028e+00 -8.96157724e-04 -1.58423684e-04 -2.69768695e-06]]] : 0
2022-01-07 15:44:05 | [[[-1.14880952e+01 -1.11320225e+01  3.56072766e-01 -1.20003840e-03
   -9.14656455e-05  2.75206733e-05 -2.00714286e+01 -1.27556180e+01
    7.31581059e+00 -1.07217155e-03 -2.30030216e-04 -3.20122812e-05]]] : 0
2022-01-07 15:46:00 | [[[-1.05357143e+01 -1.09943820e+01 -4.58667737e-01 -1.44154534e-04
   -8.76588531e-05  2.15845584e-05 -1.98333333e+01 -1.25084270e+01
    7.32490637e+00 -1.05616899e-03 -2.29268527e-04 -3.18324369e-05]]] : 0
2022-01-07 15:46:05 | [[[-1.05357143e+01 -1.09943820e+01 -4.58667737e-01 -1.44154534e-04
   -8.76588531e-05  2.15845584e-05 -1.98333333e+01 -1.25084270e+01
    7.32490637e+00 -1.05616899e-03 -2.29268527e-04 -3.18324369e-05]]] : 0
2022-01-07 15:48:00 | [[[-4.04761905e-01 -1.51966292e+00 -1.11490102e+00  6.40779187e-04
   -8.38549492e-06  3.36352108e-05 -7.72619048e+00 -2.50000000e+00
    5.22619048e+00  4.96532283e-04 -2.54432186e-04 -2.12218613e-05]]] : 0
2022-01-07 15:48:05 | [[[-4.04761905e-01 -1.51966292e+00 -1.11490102e+00  6.40779187e-04
   -8.38549492e-06  3.36352108e-05 -7.72619048e+00 -2.50000000e+00
    5.22619048e+00  4.96532283e-04 -2.54432186e-04 -2.12218613e-05]]] : 0
2022-01-07 15:50:00 | [[[-1.04761905e+00 -1.88202247e+00 -8.34403424e-01  3.20184426e-05
    7.31831148e-05  5.52174461e-05 -4.96428571e+00 -1.82303371e+00
    3.14125201e+00  6.72818147e-04 -2.79604135e-04 -1.18701001e-05]]] : 0
2022-01-07 15:50:05 | [[[ 4.28571429e+00  3.35112360e+00 -9.34590690e-01  1.28038924e-04
    6.47952774e-05  6.34894941e-05  2.05952381e+00  4.07022472e+00
    2.01070091e+00  4.00230533e-04 -2.26304163e-04 -2.05029112e-05]]] : 1
Margin Accepted! 65756.93 USD more than required
2022-01-07 15:50:05 | BUY Opended of 1 units at 15622.75 in NQ
Margin Accepted! 65627.73 USD more than required
2022-01-07 15:50:05 | BUY Opended of 1 units at 15617.00 in NQ
Trying to apply trailing stop... Order has been Filled!
2022-01-07 15:50:05 | BUY Closed of 1 units at 15616.50 in NQ and profit -125.00 (sl1)
2022-01-07 15:50:05 | BUY Closed of 1 units at 15614.00 in NQ and profit -60.00 (sl2)
2022-01-07 15:52:00 | [[[ 6.64285714e+00  5.63483146e+00 -1.00802568e+00  5.60304806e-04
    6.78418812e-05  7.89547897e-05  4.91666667e+00  7.03651685e+00
    2.11985019e+00  5.92341189e-04 -2.17160561e-04 -1.83447101e-05]]] : 1
Margin Accepted! 65563.53 USD more than required
2022-01-07 15:52:00 | BUY Opended of 1 units at 15625.25 in NQ
Margin Accepted! 43570.84 USD more than required
2022-01-07 15:52:00 | BUY Opended of 1 units at 15626.50 in NQ
2022-01-07 15:52:10 | BUY Closed of 1 units at 15630.50 in NQ and profit 105.00 (tp1)
trailing stop from 15621.25 to 15626.00
2022-01-07 15:52:20 | BUY Closed of 1 units at 15625.50 in NQ and profit -20.00 (sl2)
2022-01-07 15:54:00 | [[[ 4.91666667e+00  1.86235955e+00 -3.05430712e+00 -1.59997440e-04
   -4.95440801e-05  8.14662779e-05  3.17857143e+00  4.60112360e+00
    1.42255217e+00  4.00217718e-04 -1.21170276e-04 -1.11508325e-05]]] : 1
Margin Accepted! 65640.13 USD more than required
2022-01-07 15:54:00 | BUY Opended of 1 units at 15623.00 in NQ
Margin Accepted! 43629.59 USD more than required
2022-01-07 15:54:00 | BUY Opended of 1 units at 15622.50 in NQ
2022-01-07 15:54:10 | BUY Closed of 1 units at 15619.50 in NQ and profit -70.00 (sl1)
2022-01-07 15:54:10 | BUY Closed of 1 units at 15619.50 in NQ and profit -60.00 (sl2)
2022-01-07 15:56:00 | [[[-1.43809524e+01 -1.96573034e+01 -5.27635099e+00 -1.32819126e-03
   -9.29950347e-05  4.92713948e-05 -1.63928571e+01 -1.57584270e+01
    6.34430177e-01 -1.48797619e-03 -1.24227579e-04 -2.91362505e-05]]] : 0
2022-01-07 15:56:05 | [[[-1.60476190e+01 -2.22865169e+01 -6.23889781e+00  1.76315958e-04
   -8.61385535e-05  4.69324518e-05 -1.75119048e+01 -1.76011236e+01
   -8.92188336e-02 -1.47221200e-03 -1.47860895e-04 -5.10785763e-05]]] : 0
2022-01-07 15:58:00 | [[[-8.15476190e+00 -1.47303371e+01 -6.57557517e+00  3.68542495e-04
   -3.04930110e-05  5.26854284e-05 -9.89285714e+00 -9.69101124e+00
    2.01845907e-01 -9.60138260e-04 -1.23471469e-04 -4.53232438e-05]]] : 0
2022-01-07 15:58:05 | [[[-9.10714286e+00 -1.57191011e+01 -6.61195827e+00  3.04448148e-04
   -3.35423121e-05  5.19661734e-05 -1.08452381e+01 -1.06797753e+01
    1.65462814e-01 -1.02414748e-03 -1.26520147e-04 -4.60426603e-05]]] : 0
2022-01-07 16:00:00 | [[[-3.54166667e+01 -4.53735955e+01 -9.95692884e+00 -1.89020776e-03
   -2.04310027e-04  9.88924228e-06 -3.79880952e+01 -3.96067416e+01
   -1.61864633e+00 -1.58633509e-03 -2.01990175e-04 -5.77346229e-05]]] : 0
2022-01-07 16:00:05 | [[[-2.87500000e+01 -4.06432584e+01 -1.18932584e+01 -1.04178353e-03
   -2.52356984e-04 -1.25861522e-06 -3.07738095e+01 -3.42668539e+01
   -3.49304441e+00 -1.58585228e-03 -3.08717731e-04 -7.44630432e-05]]] : 0
2022-01-07 16:02:00 | [[[-2.26666667e+01 -3.60028090e+01 -1.33361423e+01  6.09863744e-04
   -2.08164311e-04  8.27092084e-06 -2.62500000e+01 -2.95702247e+01
   -3.32022472e+00 -1.28149679e-03 -2.94234677e-04 -7.10456572e-05]]] : 0
2022-01-07 16:02:05 | [[[-2.10000000e+01 -3.42724719e+01 -1.32724719e+01  7.22207065e-04
   -2.02826765e-04  9.52953923e-06 -2.45833333e+01 -2.78398876e+01
   -3.25655431e+00 -1.16936582e-03 -2.88898815e-04 -6.97866202e-05]]] : 0
2022-01-07 16:04:00 | [[[-1.69523810e+01 -3.34550562e+01 -1.65026752e+01  6.41498541e-05
   -1.95241298e-04  1.16870594e-05 -2.18690476e+01 -2.62893258e+01
   -4.42027822e+00  7.86403248e-04 -2.47773847e-04 -6.83502287e-05]]] : 0
2022-01-07 16:04:05 | [[[-1.62380952e+01 -3.27134831e+01 -1.64753879e+01  1.12262245e-04
   -1.92953314e-04  1.22264621e-05 -2.11547619e+01 -2.55477528e+01
   -4.39299090e+00  8.34550386e-04 -2.45486704e-04 -6.78106217e-05]]] : 0
2022-01-07 16:06:00 | [[[-6.25000000e+00 -2.36741573e+01 -1.74241573e+01  5.93319543e-04
   -4.72941275e-05  1.34849037e-05 -1.09404762e+01 -1.58792135e+01
   -4.93873729e+00  7.05648395e-04 -1.69271955e-04 -6.15172418e-05]]] : 0
2022-01-07 16:06:05 | [[[-6.25000000e+00 -2.36741573e+01 -1.74241573e+01  5.93319543e-04
   -4.72941275e-05  1.34849037e-05 -1.09404762e+01 -1.58792135e+01
   -4.93873729e+00  7.05648395e-04 -1.69271955e-04 -6.15172418e-05]]] : 0
2022-01-07 16:08:00 | [[[-6.80952381e+00 -2.49662921e+01 -1.81567683e+01 -8.01307734e-05
   -4.42449860e-05  2.69694436e-06 -1.15119048e+01 -1.66376404e+01
   -5.12573569e+00  5.13141226e-04 -1.05234421e-04 -5.82815155e-05]]] : 0
2022-01-07 16:08:05 | [[[-5.96428571e+00 -2.48314607e+01 -1.88671750e+01 -8.01307734e-05
   -7.85745508e-05 -9.70896305e-06 -1.10119048e+01 -1.61320225e+01
   -5.12011771e+00 -8.01307734e-05 -7.54989220e-05 -6.38595450e-05]]] : 0
2022-01-07 16:10:00 | [[[-1.09166667e+01 -3.08764045e+01 -1.99597378e+01 -4.00685974e-04
   -1.37318101e-04 -2.17552925e-05 -1.69642857e+01 -2.23117978e+01
   -5.34751204e+00 -4.80784641e-04 -9.45643064e-05 -6.83566960e-05]]] : 0
2022-01-07 16:10:05 | [[[-1.09166667e+01 -3.08764045e+01 -1.99597378e+01 -4.00685974e-04
   -1.37318101e-04 -2.17552925e-05 -1.69642857e+01 -2.23117978e+01
   -5.34751204e+00 -4.80784641e-04 -9.45643064e-05 -6.83566960e-05]]] : 0
2022-01-07 16:12:00 | [[[-8.55952381e+00 -3.09353933e+01 -2.23758694e+01 -4.81015906e-05
   -1.99138592e-04 -4.42307305e-05 -1.66547619e+01 -2.24971910e+01
   -5.84242911e+00 -4.48768291e-04 -1.18973170e-04 -7.30360323e-05]]] : 0
2022-01-07 16:12:05 | [[[-8.55952381e+00 -3.09353933e+01 -2.23758694e+01 -4.81015906e-05
   -1.99138592e-04 -4.42307305e-05 -1.66547619e+01 -2.24971910e+01
   -5.84242911e+00 -4.48768291e-04 -1.18973170e-04 -7.30360323e-05]]] : 0
2022-01-07 16:14:00 | [[[-8.70238095e+00 -3.40449438e+01 -2.53425629e+01 -2.40519522e-04
   -2.31229930e-04 -4.09961489e-05 -1.81666667e+01 -2.55056180e+01
   -7.33895131e+00 -2.88609543e-04 -2.11264437e-04 -8.36527278e-05]]] : 0
2022-01-07 16:14:05 | [[[-8.70238095e+00 -3.40449438e+01 -2.53425629e+01 -2.40519522e-04
   -2.31229930e-04 -4.09961489e-05 -1.81666667e+01 -2.55056180e+01
   -7.33895131e+00 -2.88609543e-04 -2.11264437e-04 -8.36527278e-05]]] : 0
2022-01-07 16:16:00 | [[[-7.60714286e+00 -3.45533708e+01 -2.69462279e+01 -8.01924619e-05
   -1.50372382e-04 -4.74711712e-05 -1.82142857e+01 -2.61235955e+01
   -7.90930979e+00 -3.20692696e-04 -2.20431649e-04 -8.79734691e-05]]] : 0
2022-01-07 16:16:05 | [[[-7.60714286e+00 -3.45533708e+01 -2.69462279e+01 -8.01924619e-05
   -1.50372382e-04 -4.74711712e-05 -1.82142857e+01 -2.61235955e+01
   -7.90930979e+00 -3.20692696e-04 -2.20431649e-04 -8.79734691e-05]]] : 0
2022-01-07 16:18:00 | [[[-4.97619048e+00 -3.26825843e+01 -2.77063938e+01  4.81193360e-05
   -1.20621368e-04 -7.17496079e-05 -1.62738095e+01 -2.47443820e+01
   -8.47057250e+00 -3.20769848e-05 -1.53332581e-04 -8.07811120e-05]]] : 0
2022-01-07 16:18:05 | [[[-4.97619048e+00 -3.26825843e+01 -2.77063938e+01  4.81193360e-05
   -1.20621368e-04 -7.17496079e-05 -1.62738095e+01 -2.47443820e+01
   -8.47057250e+00 -3.20769848e-05 -1.53332581e-04 -8.07811120e-05]]] : 0
2022-01-07 16:20:00 | [[[-7.33333333e+00 -3.58455056e+01 -2.85121723e+01 -2.72663117e-04
   -1.21399438e-04 -6.95967185e-05 -1.86190476e+01 -2.84101124e+01
   -9.79106474e+00 -2.24556901e-04 -1.98355934e-04 -7.77257307e-05]]] : 0
2022-01-07 16:20:05 | [[[-7.33333333e+00 -3.58455056e+01 -2.85121723e+01 -2.72663117e-04
   -1.21399438e-04 -6.95967185e-05 -1.86190476e+01 -2.84101124e+01
   -9.79106474e+00 -2.24556901e-04 -1.98355934e-04 -7.77257307e-05]]] : 0
2022-01-07 16:22:00 | [[[-2.46428571e+00 -2.95477528e+01 -2.70834671e+01  3.20867626e-04
    8.39972296e-06 -8.30902374e-05 -1.19761905e+01 -2.29410112e+01
   -1.09648208e+01  4.81170206e-05 -2.27363763e-04 -6.74729717e-05]]] : 0
2022-01-07 16:22:05 | [[[-1.75000000e+00 -2.88061798e+01 -2.70561798e+01  3.68997770e-04
    1.06905565e-05 -8.25506904e-05 -1.12619048e+01 -2.21994382e+01
   -1.09375334e+01  9.62340412e-05 -2.25074866e-04 -6.69331879e-05]]] : 0
2022-01-07 16:24:00 | [[[-8.33333333e-01 -2.68005618e+01 -2.59672285e+01  4.81123905e-05
   -1.06904422e-05 -8.03991395e-05 -8.92857143e+00 -2.11011236e+01
   -1.21725522e+01  4.17127914e-04 -2.04499758e-04 -5.18211817e-05]]] : 0
2022-01-07 16:24:05 | [[[ 1.19047619e-01 -2.58117978e+01 -2.59308454e+01  1.12262245e-04
   -7.63603015e-06 -7.96796841e-05 -7.97619048e+00 -2.01123596e+01
   -1.21361691e+01  4.81301439e-04 -2.01447523e-04 -5.11014430e-05]]] : 0
2022-01-07 16:26:00 | [[[-2.17857143e+00 -2.73764045e+01 -2.51978331e+01 -1.76392296e-04
   -2.90171361e-05 -7.59085917e-05 -9.73809524e+00 -2.24662921e+01
   -1.27281969e+01 -6.41498541e-05 -1.61785131e-04 -4.69643318e-05]]] : 0
2022-01-07 16:26:05 | [[[-3.36904762e+00 -2.86123596e+01 -2.52433119e+01 -2.56570613e-04
   -3.28351804e-05 -7.68079826e-05 -1.09285714e+01 -2.37022472e+01
   -1.27736758e+01 -1.44337172e-04 -1.65600818e-04 -4.78640316e-05]]] : 0
2022-01-07 16:28:00 | [[[-2.95238095e+00 -2.82949438e+01 -2.53425629e+01 -6.41591146e-05
   -9.08724365e-05 -8.43693463e-05 -1.09404762e+01 -2.43988764e+01
   -1.34584002e+01 -3.20713266e-04 -1.30509345e-04 -4.57057389e-05]]] : 0
2022-01-07 16:28:05 | [[[-3.42857143e+00 -2.87893258e+01 -2.53607544e+01 -9.62386719e-05
   -9.23997043e-05 -8.47291303e-05 -1.14166667e+01 -2.48932584e+01
   -1.34765918e+01 -3.52784593e-04 -1.32035770e-04 -4.60656266e-05]]] : 0
2022-01-07 16:30:00 | [[[-1.83333333e+00 -2.73174157e+01 -2.54840824e+01  1.60413224e-05
   -8.62986069e-05 -7.82596493e-05 -9.69047619e+00 -2.42500000e+01
   -1.45595238e+01 -8.01988933e-05 -1.59522136e-04 -4.49871454e-05]]] : 0
2022-01-07 16:30:05 | [[[-1.83333333e+00 -2.73174157e+01 -2.54840824e+01  1.60413224e-05
   -8.62986069e-05 -7.82596493e-05 -9.69047619e+00 -2.42500000e+01
   -1.45595238e+01 -8.01988933e-05 -1.59522136e-04 -4.49871454e-05]]] : 0
2022-01-07 16:32:00 | [[[-2.47619048e+00 -2.74213483e+01 -2.49451578e+01 -9.62463908e-05
   -5.49914687e-05 -8.94208962e-05 -9.61904762e+00 -2.51994382e+01
   -1.55803906e+01 -8.02066122e-05 -1.95408212e-04 -6.04639202e-05]]] : 0
2022-01-07 16:32:05 | [[[-2.47619048e+00 -2.74213483e+01 -2.49451578e+01 -9.62463908e-05
   -5.49914687e-05 -8.94208962e-05 -9.61904762e+00 -2.51994382e+01
   -1.55803906e+01 -8.02066122e-05 -1.95408212e-04 -6.04639202e-05]]] : 0
2022-01-07 16:34:00 | [[[-2.28571429e+00 -2.64382022e+01 -2.41524880e+01 -3.20852183e-05
   -4.43011193e-05 -9.50069528e-05 -8.10714286e+00 -2.50842697e+01
   -1.69771268e+01 -1.28328521e-04 -2.29779061e-04 -7.46820211e-05]]] : 0
2022-01-07 16:34:05 | [[[-2.28571429e+00 -2.64382022e+01 -2.41524880e+01 -3.20852183e-05
   -4.43011193e-05 -9.50069528e-05 -8.10714286e+00 -2.50842697e+01
   -1.69771268e+01 -1.28328521e-04 -2.29779061e-04 -7.46820211e-05]]] : 0
2022-01-07 16:36:00 | [[[-2.22619048e+00 -2.48623596e+01 -2.26361691e+01 -1.60431239e-05
   -1.98600023e-05 -1.16970430e-04 -6.45238095e+00 -2.47865169e+01
   -1.83341359e+01 -4.81278275e-05 -2.51179168e-04 -7.45046923e-05]]] : 0
2022-01-07 16:36:05 | [[[-2.22619048e+00 -2.48623596e+01 -2.26361691e+01 -1.60431239e-05
   -1.98600023e-05 -1.16970430e-04 -6.45238095e+00 -2.47865169e+01
   -1.83341359e+01 -4.81278275e-05 -2.51179168e-04 -7.45046923e-05]]] : 0
2022-01-07 16:38:00 | [[[-1.73809524e+00 -2.29494382e+01 -2.12113430e+01  1.60433813e-05
   -1.52772282e-05 -1.06545531e-04 -5.29761905e+00 -2.41320225e+01
   -1.88344034e+01  0.00000000e+00 -1.80200404e-04 -6.10098699e-05]]] : 0
2022-01-07 16:38:05 | [[[-1.73809524e+00 -2.29494382e+01 -2.12113430e+01  1.60433813e-05
   -1.52772282e-05 -1.06545531e-04 -5.29761905e+00 -2.41320225e+01
   -1.88344034e+01  0.00000000e+00 -1.80200404e-04 -6.10098699e-05]]] : 0
2022-01-07 16:40:00 | [[[-5.52380952e+00 -2.56825843e+01 -2.01587747e+01 -2.72733107e-04
   -2.97910502e-05 -9.71971580e-05 -8.21428571e+00 -2.78988764e+01
   -1.96845907e+01 -2.56694101e-04 -1.43567014e-04 -5.68725531e-05]]] : 0
2022-01-07 16:40:05 | [[[-5.76190476e+00 -2.59297753e+01 -2.01678705e+01 -2.88776231e-04
   -3.05549232e-05 -9.73771527e-05 -8.45238095e+00 -2.81460674e+01
   -1.96936865e+01 -2.72737482e-04 -1.44330668e-04 -5.70525295e-05]]] : 0
2022-01-07 16:42:00 | [[[-6.58333333e+00 -2.58202247e+01 -1.92368914e+01 -8.02387906e-05
   -2.75002712e-05 -8.71259368e-05 -9.70238095e+00 -2.88567416e+01
   -1.91543606e+01 -3.68991850e-04 -8.62979479e-05 -6.56931009e-05]]] : 0
2022-01-07 16:42:05 | [[[-5.86904762e+00 -2.50786517e+01 -1.92096041e+01 -3.20955163e-05
   -2.52085819e-05 -8.65859000e-05 -8.98809524e+00 -2.81151685e+01
   -1.91270733e+01 -3.20862478e-04 -8.40068519e-05 -6.51531576e-05]]] : 0
2022-01-07 16:44:00 | [[[-6.92857143e+00 -2.62275281e+01 -1.92989567e+01 -1.44434459e-04
   -7.63915679e-05 -7.05709187e-05 -1.06309524e+01 -2.98707865e+01
   -1.92398341e+01 -1.76525339e-04 -3.66606991e-05 -6.56951464e-05]]] : 0
2022-01-07 16:44:05 | [[[-6.45238095e+00 -2.57331461e+01 -1.92807651e+01 -1.12337912e-04
   -7.48637365e-05 -7.02108630e-05 -1.01547619e+01 -2.93764045e+01
   -1.92216426e+01 -1.44429823e-04 -3.51331700e-05 -6.53351730e-05]]] : 0
2022-01-07 16:46:00 | [[[-5.67857143e+00 -2.51207865e+01 -1.94422151e+01 -3.21001525e-05
   -8.17450974e-05 -7.12960359e-05 -9.96428571e+00 -2.94044944e+01
   -1.94402087e+01 -1.44434459e-04 -8.17226212e-05 -6.15575463e-05]]] : 0
2022-01-07 16:46:05 | [[[-5.67857143e+00 -2.51207865e+01 -1.94422151e+01 -3.21001525e-05
   -8.17450974e-05 -7.12960359e-05 -9.96428571e+00 -2.94044944e+01
   -1.94402087e+01 -1.44434459e-04 -8.17226212e-05 -6.15575463e-05]]] : 0
2022-01-07 16:48:00 | [[[-6.89285714e+00 -2.61657303e+01 -1.92728732e+01 -1.44455323e-04
   -6.64710736e-05 -7.72428793e-05 -1.09761905e+01 -3.12443820e+01
   -2.02681915e+01 -1.76550839e-04 -1.23734207e-04 -5.65195173e-05]]] : 0
2022-01-07 16:48:05 | [[[-6.59523810e+00 -2.57359551e+01 -1.91407170e+01 -1.12359551e-04
   -6.72374207e-05 -8.35478599e-05 -1.00357143e+01 -3.11713483e+01
   -2.11356340e+01 -1.60505915e-04 -1.55820348e-04 -4.69810195e-05]]] : 0
2022-01-07 16:50:00 | [[[-5.88095238e+00 -2.48398876e+01 -1.89589353e+01  0.00000000e+00
   -6.49473201e-05 -8.49917376e-05 -9.79761905e+00 -3.09241573e+01
   -2.11265383e+01 -1.44455323e-04 -1.55056523e-04 -4.68010156e-05]]] : 0
2022-01-07 16:50:05 | [[[-3.97619048e+00 -2.28623596e+01 -1.88861691e+01  1.28423283e-04
   -5.88346311e-05 -8.35511997e-05 -7.89285714e+00 -2.89466292e+01
   -2.10537721e+01 -1.60505915e-05 -1.48945921e-04 -4.53609843e-05]]] : 0
2022-01-07 16:52:00 | [[[-2.53571429e+00 -2.10196629e+01 -1.84839486e+01  4.81525473e-05
   -4.43196024e-05 -7.00520096e-05 -6.39285714e+00 -2.78230337e+01
   -2.14301766e+01  1.76582014e-04 -1.17638431e-04 -4.30220642e-05]]] : 0
2022-01-07 16:52:05 | [[[-2.77380952e+00 -2.12668539e+01 -1.84930444e+01  3.21016982e-05
   -4.50837335e-05 -7.02320919e-05 -6.63095238e+00 -2.80702247e+01
   -2.14392723e+01  1.60529104e-04 -1.18402317e-04 -4.32020728e-05]]] : 0
2022-01-07 16:54:00 | [[[-3.20238095e+00 -2.15252809e+01 -1.83228999e+01 -8.02516692e-05
   -5.27274214e-05 -6.35735121e-05 -7.09523810e+00 -2.90028090e+01
   -2.19075709e+01 -4.81525473e-05 -9.93120729e-05 -4.44629817e-05]]] : 0
2022-01-07 16:54:05 | [[[-3.20238095e+00 -2.15252809e+01 -1.83228999e+01 -8.02516692e-05
   -5.27274214e-05 -6.35735121e-05 -7.09523810e+00 -2.90028090e+01
   -2.19075709e+01 -4.81525473e-05 -9.93120729e-05 -4.44629817e-05]]] : 0
2022-01-07 16:56:00 | [[[-3.10714286e+00 -2.14073034e+01 -1.83001605e+01 -4.81548660e-05
   -5.42586134e-05 -5.56528730e-05 -7.20238095e+00 -2.93539326e+01
   -2.21515516e+01 -1.28402671e-04 -9.16771650e-05 -4.59041855e-05]]] : 0
2022-01-07 16:56:05 | [[[-3.10714286e+00 -2.14073034e+01 -1.83001605e+01 -4.81548660e-05
   -5.42586134e-05 -5.56528730e-05 -7.20238095e+00 -2.93539326e+01
   -2.21515516e+01 -1.28402671e-04 -9.16771650e-05 -4.59041855e-05]]] : 0
2022-01-07 16:58:00 | [[[-2.50000000e+00 -2.09325843e+01 -1.84325843e+01 -1.60523950e-05
   -5.50258048e-05 -4.64700336e-05 -6.85714286e+00 -2.92500000e+01
   -2.23928571e+01 -6.42064881e-05 -7.94575494e-05 -4.82453803e-05]]] : 0
2022-01-07 16:58:05 | [[[-2.50000000e+00 -2.09325843e+01 -1.84325843e+01 -1.60523950e-05
   -5.50258048e-05 -4.64700336e-05 -6.85714286e+00 -2.92500000e+01
   -2.23928571e+01 -6.42064881e-05 -7.94575494e-05 -4.82453803e-05]]] : 0
2022-01-07 16:59:30 | Ib disconnection
Connected: False
