Trying to Connect to Trading Platform...
<IB connected to 127.0.0.1:7497 clientId=153>
No opened positions
2022-04-11 12:59:21 | Octopus 6 Contracts Bot Turned On
2022-04-11 12:59:21 | Running with stop_1: 9 & target_1: 12 & target_2: 8 & trailing_1: 0.70 &             stop_2: 22 & target_3: 48 & target_4: 58 & trailing_2: 0.90 &             stop_3: 31 & target_5: 93 & target_6: 62 & trailing_3: 0.50 
Downloading Historical NQ Data...
Historical Data retrieved! from 2022-03-28 00:00:00 to 2022-04-11 12:59:15
2022-04-11 13:12:00 | [[[ 1.68214286e+01  4.40730337e+01  2.72516051e+01  3.54139000e-05
    2.62603933e-04  6.20702484e-05  3.57976190e+01  4.60252809e+01
    1.02276619e+01  1.77094586e-04  4.63439840e-04 -3.93192775e-05]]] : 0
2022-04-11 13:12:00 | [[[ 4.41666667e+01  1.82415730e+01 -2.59250936e+01 -4.77842277e-04
    3.12199117e-04 -6.07537771e-05  4.46309524e+01  1.32303371e+00
   -4.33079187e+01  1.59382305e-04  2.45351436e-04 -1.62528878e-04]]] : 0
2022-04-11 13:12:00 | [[[ 4.19761905e+01 -5.64550562e+01 -9.84312467e+01  3.33990655e-03
   -3.33083943e-04 -1.50377132e-04  2.20238095e+01 -7.66825843e+01
   -9.87063938e+01  3.50035537e-03 -3.66368085e-04 -3.98752474e-04]]] : 1
2022-04-11 13:12:05 | [[[ 1.69047619e+01  4.56882022e+01  2.87834403e+01  7.08202758e-05
    2.67635219e-04  5.80767727e-05  3.44166667e+01  4.82724719e+01
    1.38558052e+01  1.77069500e-04  4.72633346e-04 -2.99393429e-05]]] : 0
2022-04-11 13:12:05 | [[[ 4.33214286e+01  2.06938202e+01 -2.26276083e+01  7.08202758e-05
    3.54445842e-04 -6.61337455e-05  4.47261905e+01  4.26404494e+00
   -4.04621455e+01  3.18770255e-04  2.80010862e-04 -1.42250001e-04]]] : 0
2022-04-11 13:12:05 | [[[ 4.54642857e+01 -5.32387640e+01 -9.87030498e+01  4.07353618e-04
   -2.85785793e-04 -1.61682320e-04  2.56785714e+01 -7.21657303e+01
   -9.78443018e+01  2.12898075e-03 -2.46554985e-04 -3.62040293e-04]]] : 1
2022-04-11 13:48:00 | [[[-8.52380952e+00  1.93258427e+00  1.04563938e+01 -1.77415063e-04
   -2.61779663e-05  4.00821105e-05 -1.38452381e+01  1.28426966e+01
    2.66879347e+01 -6.38399745e-04 -2.12681560e-04  7.44414397e-05]]] : 1
2022-04-11 13:48:00 | [[[-9.16666667e+00 -3.59550562e+00  5.57116105e+00 -2.30627306e-04
    1.86654775e-04 -1.23966193e-04  5.71428571e-01 -1.98117978e+01
   -2.03832263e+01 -6.73842498e-04  1.96927924e-04 -1.36562689e-04]]] : 1
2022-04-11 13:48:00 | [[[ 1.34642857e+01 -8.10365169e+01 -9.45008026e+01 -4.07960552e-04
    9.72755240e-05 -2.07908325e-04 -6.90476190e-01 -9.90449438e+01
   -9.83544676e+01 -4.07960552e-04 -3.44617589e-04 -3.74845455e-04]]] : 0
2022-04-11 13:48:05 | [[[-9.00000000e+00  1.43820225e+00  1.04382022e+01 -2.12898075e-04
   -2.78668673e-05  3.96832835e-05 -1.43214286e+01  1.23483146e+01
    2.66697432e+01 -6.73866397e-04 -2.14369509e-04  7.40422899e-05]]] : 1
2022-04-11 13:48:05 | [[[-9.64285714e+00 -4.08988764e+00  5.55296950e+00 -2.66108430e-04
    1.84965591e-04 -1.24364798e-04  9.52380952e-02 -2.03061798e+01
   -2.04014179e+01 -7.09307893e-04  1.95237556e-04 -1.36960831e-04]]] : 1
2022-04-11 13:48:05 | [[[ 1.29880952e+01 -8.15308989e+01 -9.45189941e+01 -4.43435383e-04
    9.55837758e-05 -2.08304719e-04 -1.16666667e+00 -9.95393258e+01
   -9.83726592e+01 -4.43435383e-04 -3.46306890e-04 -3.75241280e-04]]] : 0
2022-04-11 14:24:00 | [[[-2.25238095e+01 -3.62359551e+01 -1.37121455e+01  1.77831522e-05
   -1.63144686e-04 -2.11246610e-05 -2.42500000e+01 -2.30056180e+01
    1.24438202e+00 -5.33456621e-05 -2.48469252e-04  6.38342353e-06]]] : 1
2022-04-11 14:24:00 | [[[-2.84047619e+01 -2.44157303e+01  3.98903157e+00 -5.68727118e-04
   -2.88938716e-04 -1.47180359e-04 -3.57023810e+01 -4.21011236e+01
   -6.39874264e+00 -6.39772525e-04 -1.68058427e-04 -1.27677671e-04]]] : 1
2022-04-11 14:24:00 | [[[-2.07261905e+01 -1.04966292e+02 -8.42401017e+01 -2.28873552e-03
    8.37169656e-05 -2.40313788e-04 -2.00476190e+01 -1.22800562e+02
   -1.02752943e+02 -2.30643673e-03 -4.73309566e-04 -3.18010419e-04]]] : 0
2022-04-11 14:24:05 | [[[-2.00952381e+01 -3.43061798e+01 -1.42109417e+01  8.89110179e-05
   -1.32723987e-04 -2.33170891e-05 -2.07142857e+01 -2.12977528e+01
   -5.83467095e-01  1.42265218e-04 -2.40050377e-04  6.98185277e-06]]] : 1
2022-04-11 14:24:05 | [[[-2.50238095e+01 -2.17752809e+01  3.24852862e+00 -2.13321956e-04
   -2.57717150e-04 -1.32632184e-04 -3.12500000e+01 -3.94101124e+01
   -8.16011236e+00  7.11275495e-05 -3.02353629e-04 -1.32665491e-04]]] : 1
2022-04-11 14:24:05 | [[[-1.92142857e+01 -1.01469101e+02 -8.22548154e+01 -8.17240215e-04
    4.39700564e-05 -2.45101539e-04 -1.58214286e+01 -1.18421348e+02
   -1.02599920e+02 -2.35924362e-03 -4.93671036e-04 -3.64198369e-04]]] : 0
2022-04-11 15:00:05 | [[[ 9.77380952e+00  1.69578652e+01  7.18405564e+00  4.43466846e-04
    2.35785474e-04 -9.97302496e-06  2.25595238e+01  1.76207865e+01
   -4.93873729e+00  6.56470672e-04  2.35999679e-04  5.02694402e-05]]] : 0
2022-04-11 15:00:05 | [[[ 2.06428571e+01  2.34185393e+01  2.77568218e+00  3.19256487e-04
    7.35693302e-05 -7.98215509e-07  1.82619048e+01  7.80617978e+00
   -1.04557250e+01 -1.24100273e-04 -1.09903302e-05 -1.02048057e-04]]] : 0
2022-04-11 15:00:05 | [[[ 1.73571429e+01 -5.62443820e+01 -7.36015249e+01 -8.86461953e-05
    1.75021180e-04 -1.94821324e-04  1.95476190e+01 -7.20702247e+01
   -9.16178438e+01  6.91980128e-04  3.20545892e-04 -3.21590492e-04]]] : 1
2022-04-11 15:36:00 | [[[-3.29047619e+01 -5.30252809e+01 -2.01205190e+01 -4.27784610e-04
   -3.63297009e-04 -1.25136338e-04 -5.01190476e+01 -6.32331461e+01
   -1.31140984e+01 -1.74448618e-03 -5.47138474e-04 -5.20562934e-05]]] : 1
2022-04-11 15:36:00 | [[[-5.19642857e+01 -5.69915730e+01 -5.02728732e+00 -1.76225569e-03
   -2.35134509e-04 -5.36755907e-05 -4.96309524e+01 -6.37724719e+01
   -1.41415195e+01 -2.11751308e-03 -4.83761840e-04 -1.43584925e-04]]] : 1
2022-04-11 15:36:00 | [[[-5.93333333e+01 -1.29460674e+02 -7.01273408e+01 -4.15534601e-03
   -1.79227378e-04 -3.44919493e-04 -5.79166667e+01 -1.46856742e+02
   -8.89400749e+01 -4.04923011e-03 -1.02313036e-04 -3.49647855e-04]]] : 0
2022-04-11 15:36:05 | [[[-3.14761905e+01 -5.27134831e+01 -2.12372927e+01  0.00000000e+00
   -3.29485384e-04 -1.43306279e-04 -4.69404762e+01 -6.35365169e+01
   -1.65960407e+01 -4.81257687e-04 -5.48982057e-04 -6.48222832e-05]]] : 1
2022-04-11 15:36:05 | [[[-5.05595238e+01 -5.72612360e+01 -6.70171215e+00 -8.37446323e-04
   -2.89294823e-04 -6.84426913e-05 -4.80714286e+01 -6.31235955e+01
   -1.50521669e+01 -1.79788882e-03 -4.13662538e-04 -1.70918250e-04]]] : 1
2022-04-11 15:36:05 | [[[-5.86309524e+01 -1.27530899e+02 -6.88999465e+01 -2.09986831e-03
   -2.29118898e-04 -3.75541603e-04 -5.54404762e+01 -1.45101124e+02
   -8.96606474e+01 -3.41224142e-03 -3.49211020e-04 -3.59222177e-04]]] : 0
2022-04-11 16:12:00 | [[[ 9.46428571e+00 -3.90252809e+01 -4.84895666e+01  0.00000000e+00
   -2.72144482e-05 -1.00580347e-04 -7.73809524e-01 -5.79297753e+01
   -5.71559658e+01  8.75312612e-04 -2.70180256e-04 -1.80706930e-04]]] : 0
2022-04-11 16:12:00 | [[[-1.97500000e+01 -6.10337079e+01 -4.12837079e+01  8.93192090e-04
   -5.00484367e-04 -1.25575521e-04 -3.58809524e+01 -6.13286517e+01
   -2.54476993e+01  9.82599064e-04 -5.21081341e-04 -2.34350609e-04]]] : 1
2022-04-11 16:12:00 | [[[-5.81071429e+01 -1.30786517e+02 -7.26793740e+01  4.82125638e-04
   -6.28471714e-04 -3.94428979e-04 -5.99642857e+01 -1.51926966e+02
   -9.19626806e+01 -1.96288365e-04 -4.82990855e-04 -3.40513535e-04]]] : 0
2022-04-11 16:12:05 | [[[ 9.46428571e+00 -3.90252809e+01 -4.84895666e+01  0.00000000e+00
   -2.72144482e-05 -1.00580347e-04 -7.73809524e-01 -5.79297753e+01
   -5.71559658e+01  8.75312612e-04 -2.70180256e-04 -1.80706930e-04]]] : 0
2022-04-11 16:12:05 | [[[-1.97500000e+01 -6.10337079e+01 -4.12837079e+01  8.93192090e-04
   -5.00484367e-04 -1.25575521e-04 -3.58809524e+01 -6.13286517e+01
   -2.54476993e+01  9.82599064e-04 -5.21081341e-04 -2.34350609e-04]]] : 1
2022-04-11 16:12:05 | [[[-5.81071429e+01 -1.30786517e+02 -7.26793740e+01  4.82125638e-04
   -6.28471714e-04 -3.94428979e-04 -5.99642857e+01 -1.51926966e+02
   -9.19626806e+01 -1.96288365e-04 -4.82990855e-04 -3.40513535e-04]]] : 0
2022-04-11 16:48:00 | [[[ 2.51190476e+00 -8.95505618e+00 -1.14669609e+01 -1.07116078e-04
    3.06143015e-05 -1.18272263e-04  1.75000000e+00 -4.33483146e+01
   -4.50983146e+01 -1.60665512e-04  5.86758643e-05 -1.32578602e-04]]] : 0
2022-04-11 16:48:00 | [[[ 1.45238095e+00 -5.67078652e+01 -5.81602461e+01 -1.78514049e-04
   -9.35250086e-05 -9.98921165e-05 -5.01190476e+00 -5.84775281e+01
   -5.34656233e+01 -1.96361949e-04 -4.40911114e-04 -7.83072529e-05]]] : 1
2022-04-11 16:48:00 | [[[-4.36309524e+01 -1.25283708e+02 -8.16527555e+01  4.64434997e-04
   -6.44590774e-04 -3.79629366e-04 -5.67142857e+01 -1.49983146e+02
   -9.32688604e+01  3.75087074e-04 -3.85140517e-04 -3.42868436e-04]]] : 0
2022-04-11 16:59:30 | Ib disconnection
Connected: False
2022-04-11 18:00:05 | Reconnecting...
2022-04-11 18:00:05 | Connection reestablished!
2022-04-11 18:00:05 | NQ Data has been Updated!
2022-04-11 18:00:05 | [[[ 2.38095238e-02 -3.25842697e-01 -3.49652220e-01 -8.92554312e-05
    3.48565060e-05 -6.61894076e-05  3.23809524e+00             nan
               nan  3.57066343e-05  1.70067738e-05             nan]]] : 0
2022-04-11 18:00:05 | [[[ 3.30952381e+00 -5.28679775e+01 -5.61775013e+01  1.60699938e-04
    3.99670399e-05 -7.35347747e-05  1.47619048e+00             nan
               nan  5.35609077e-05 -1.95511731e-04             nan]]] : 0
2022-04-11 18:00:05 | [[[-3.43095238e+01 -1.17410112e+02 -8.31005886e+01  1.42841838e-04
   -5.55164257e-04 -4.50757569e-04 -5.20238095e+01 -1.46084270e+02
   -9.40604601e+01  5.35867391e-04 -3.87766886e-04             nan]]] : 0
